curve1 = [
    [41.9665, -90.177], [47.092, -104.187], [62.1267, -113.071], [81.2618, -118.538], [104.839, -120.246], 
    [122.949, -119.905], [135.933, -118.538], [149.26, -114.096], [163.953, -114.779], [177.279, -122.98], 
    [191.63, -128.105], [206.665, -129.814], [221.016, -130.839], [237.759, -131.864], [249.719, -131.864], 
    [262.02, -135.281], [277.738, -140.065], [293.456, -146.899], [304.049, -156.466], [312.591, -168.084], 
    [320.45, -181.069], [325.576, -197.128], [325.917, -209.771], [325.234, -234.032], [326.259, -253.85], 
    [328.309, -280.161]
]

curve2 = [
    [104.253, -192.575], [112.454, -184.887], [124.755, -175.405], [143.206, -170.792], [152.688, -163.872], 
    [151.663, -150.29], [145.769, -139.014], [138.337, -127.481], [135.933, -118.538], [131.93, -105.954], 
    [129.111, -91.3469], [128.855, -75.7142], [134.749, -64.4382], [147.563, -56.75], [153.97, -47.5241], 
    [151.92, -36.7607]
]

curve3 = [
    [102.508, -255.77], [114.468, -259.87], [129.161, -261.579], [143.854, -262.604], [162.647, -260.895], 
    [176.657, -252.353], [186.566, -236.635], [194.083, -225.359], [202.626, -215.791], [216.635, -211.691], 
    [228.937, -209.641], [242.605, -209.299], [249.097, -200.073], [254.222, -191.189], [251.489, -180.255], 
    [246.705, -170.346], [241.921, -159.069], [244.313, -146.085], [249.719, -131.864], [248.584, -122.55], 
    [248.584, -113.901], [249.737, -103.714], [255.696, -95.6418], [265.306, -89.8756], [269.919, -82.5719], 
    [268.766, -70.8474], [267.036, -59.1228], [266.844, -50.0892], [269.535, -35.6739]
]

curve4 = [
    [202.626, -215.791], [196.475, -205.882], [189.641, -195.631], [187.25, -186.064], [193.4, -173.762], 
    [199.551, -162.486], [205.701, -150.869], [205.701, -139.593], [206.665, -129.814]
]

curve5 = [
    [325.234, -234.032], [331.73, -227.729], [341.148, -220.041], [351.335, -210.815], [359.792, -201.781], 
    [365.943, -193.132], [369.979, -181.984], [370.728, -167.313], [370.728, -153.303], [370.728, -137.585], 
    [370.045, -124.259], [368.336, -115.716]
]
